5     5   0.7928517460823059
5     5   0.9982399940490723
4     4   0.7180936932563782
4     4   0.9977161884307861
4     4   0.9726741909980774
7     7   0.9999912977218628
7     7   0.9999998807907104
7     7   0.9999997615814209
17     7   0.5867656469345093
8     8   0.9078807234764099
2     2   0.9999967813491821
11     11   0.9868698716163635
11     11   0.9997573494911194
11     11   0.9965949654579163
10     10   0.9974774718284607
10     10   0.9988885521888733
10     10   0.9870409965515137
0     9   0.37070998549461365
2     2   0.999779999256134
2     2   0.9999901056289673
6     6   0.9999785423278809
0     0   0.9997166991233826
0     0   0.5226104259490967
0     0   0.9999911785125732
6     6   0.9998040795326233
6     6   0.9999321699142456
14     14   0.9971603155136108
19     19   0.9999387264251709
9     9   0.6793662309646606
13     13   0.9881497621536255
17     17   0.39865148067474365
12     12   0.9990866184234619
14     14   0.9834102988243103
14     14   0.9995488524436951
19     19   0.9999181032180786
19     19   0.9998421669006348
18     18   0.9963686466217041
18     18   0.9773809909820557
18     18   0.952575147151947
20     20   0.9887461066246033
20     20   0.9985931515693665
16     16   0.9999885559082031
17     17   0.9962779879570007
17     0   0.5361132621765137
12     12   0.9916000366210938
12     12   0.9995203018188477
20     20   0.9568446278572083
1     1   0.9998618364334106
1     1   0.9995469450950623
3     18   0.43107298016548157
3     13   0.49930158257484436
0     0   0.9836469292640686
13     13   0.9998138546943665
13     13   0.9904307723045349
16     16   0.9904519319534302
16     16   0.9990836381912231
15     15   0.9999892711639404
15     15   0.8920673727989197
15     15   0.6724869608879089
5     5   0.9912580847740173
9     9   0.713383674621582
1     1   0.9898940920829773
7     7   0.9999814033508301
3     13   0.615558385848999
1     1   0.9996534585952759
7     7   0.9941001534461975
8     0   0.5924782752990723
17     17   0.9999985694885254
12     12   0.9999998807907104
