6     5
5     5
2     4
6     4
0     4
7     7
7     7
7     7
15     17
9     8
2     2
1     11
0     11
6     11
6     10
6     10
10     10
0     0
2     2
2     2
6     6
17     0
10     0
0     0
6     6
6     6
14     14
19     19
9     9
14     13
6     17
12     12
6     14
8     14
8     19
19     19
18     18
18     18
8     18
8     20
8     20
16     16
8     17
8     17
8     12
14     12
2     20
1     1
1     1
13     3
18     3
6     0
13     13
13     13
18     16
16     16
12     15
2     15
0     15
6     5
8     9
1     1
7     7
18     3
1     1
0     7
8     7
17     17
12     12